  1    0    1
  2    2    3
  3    7    6
  4   12   18
  5   20    3
  6   25   29
  7   30   20
  8   36    4
  9   41   14
 10   47   35
 11   51   18
 12   55   30
 13   59   49
 14   63    1
 15   70   32
 16   77    2
 17   81    6
 18   87    3
 19   91   23
 20   97   47
 21  104   22
 22  109   14
 23  112   39
 24  115   38
 25  120    6
 26  125   11
 27  129   27
 28  136   19
 29  140   29
 30  143   28
 31  146   40
 32  150   15
 33  152    1
 34  160   29
 35  163   36
 36  171    3
 37  176   13
 38  183   19
 39  189   31
 40  195    2
 41  200   46
 42  203   22
 43  209   40
 44  212    2
 45  216    5
 46  220   21
 47  223   77
 48  229    7
 49  232   11
 50  238   36
 51  243    9
 52  251   12
 53  254   23
 54  261    4
 55  268   26
 56  273   38
 57  277   21
 58  284    7
 59  290   33
 60  295   13
 61  300   26
 62  304   43
 63  309   26
 64  315    1
 65  322    2
 66  327   41
 67  330   18
 68  338    5
 69  342   34
 70  346   44
 71  352    8
 72  356   19
 73  361   23
 74  365    3
 75  370   10
 76  374   21
 77  376   30
 78  381   26
 79  386   30
 80  389   28
 81  393    4
 82  398   16
 83  403   48
 84  408   24
 85  411    5
 86  416   12
 87  421   49
 88  425    2
 89  429   28
 90  434   32
 91  439    1
 92  447    2
 93  450   25
 94  455   47
 95  459    7
 96  463    4
 97  466   48
 98  474   16
 99  477   11
100  482    9
