  1    0    8
  2    1    3
  3    5   26
  4   11    3
  5   15   13
  6   17   20
  7   22   16
  8   25   23
  9   28   37
 10   33   45
 11   36    9
 12   39   11
 13   46    3
 14   51    6
 15   53   15
 16   57    3
 17   62   10
 18   67   23
 19   74    8
 20   79    1
 21   84   16
 22   89   15
 23   93    8
 24   96   22
 25  102   16
 26  108   14
 27  110   23
 28  116   24
 29  121   14
 30  127    6
 31  131   19
 32  136    4
 33  142    9
 34  146   16
 35  151   10
 36  156    8
 37  158   24
 38  164    9
 39  171   19
 40  175    7
 41  180    5
 42  185    2
 43  189   18
 44  197   10
 45  201   23
 46  206   11
 47  214   16
 48  220    7
 49  224   27
 50  226    2
